shp_0_79,48.018856049,7.8396558762,1,0
shp_0_79,48.018688202,7.8384795189,2,89.552970886
shp_0_79,48.018661499,7.8383150101,3,102.20311737
shp_0_79,48.018600464,7.8380289078,4,124.58731842
shp_0_79,48.01852417,7.8378076553,5,142.93849182
shp_0_79,48.018444061,7.8376126289,6,159.9855957
shp_0_79,48.01833725,7.8374171257,7,178.90943909
shp_0_79,48.018203735,7.8372125626,8,200.18386841
shp_0_79,48.017993927,7.8369483948,9,230.65795898
shp_0_79,48.017871857,7.8368315697,10,246.8427124
shp_0_79,48.017723083,7.8367161751,11,265.49334717
shp_0_79,48.017539978,7.8366260529,12,286.88595581
shp_0_79,48.017379761,7.8365840912,13,305.2791748
shp_0_79,48.017181396,7.836555481,14,327.10177612
shp_0_79,48.015739441,7.8366074562,15,487.82736206
shp_0_79,48.015659332,7.8365974426,16,496.83242798
shp_0_79,48.015464783,7.8365492821,17,518.63311768
shp_0_79,48.015377045,7.8365411758,18,528.45935059
shp_0_79,48.014904022,7.8365697861,19,581.19403076
shp_0_79,48.014026642,7.8366150856,20,678.92669678
shp_0_79,48.013206482,7.8366150856,21,770.33538818
shp_0_79,48.012928009,7.8365836143,22,801.3371582
shp_0_79,48.012882233,7.8365736008,23,806.41040039
shp_0_79,48.012836456,7.8365449905,24,811.93713379
shp_0_79,48.012496948,7.8360333443,25,865.67657471
shp_0_79,48.012378693,7.8358368874,26,885.42626953
shp_0_79,48.01227951,7.8356909752,27,900.74963379
shp_0_79,48.01210022,7.8353815079,28,931.35546875
shp_0_79,48.011947632,7.8351187706,29,957.29064941
shp_0_79,48.011703491,7.8346862793,30,999.32287598
shp_0_79,48.011459351,7.8342885971,31,1039.4901123
shp_0_79,48.010921478,7.8334636688,32,1125.2397461
shp_0_79,48.00995636,7.8319358826,33,1281.8707275
shp_0_79,48.009666443,7.8314805031,34,1328.7167969
shp_0_79,48.009460449,7.8311562538,35,1361.9675293
shp_0_79,48.009342194,7.8309822083,36,1380.4112549
shp_0_79,48.008506775,7.8296604156,37,1515.7349854
shp_0_79,48.007976532,7.8288445473,38,1600.6730957
shp_0_79,48.007930756,7.8288006783,39,1606.4698486
shp_0_79,48.007881165,7.8287653923,40,1612.9016113
shp_0_79,48.007843018,7.828754425,41,1616.9671631
shp_0_79,48.007804871,7.8287472725,42,1621.1621094
shp_0_79,48.007740021,7.8287577629,43,1628.6717529
shp_0_79,48.007675171,7.8287963867,44,1636.4211426
shp_0_79,48.007606506,7.8288726807,45,1645.8953857
shp_0_79,48.007583618,7.8289132118,46,1649.8288574
shp_0_79,48.007545471,7.8290038109,47,1657.7994385
shp_0_79,48.007511139,7.8291215897,48,1667.4197998
shp_0_79,48.007408142,7.8295035362,49,1698.0452881
shp_0_79,48.007293701,7.829885006,50,1729.1181641
shp_0_79,48.006965637,7.8311109543,51,1827.5617676
shp_0_79,48.006896973,7.8313250542,52,1845.2736816
shp_0_79,48.006790161,7.8316116333,53,1869.5734863
shp_0_79,48.006660461,7.8319525719,54,1898.8669434
shp_0_79,48.006305695,7.8328342438,55,1975.5145264
shp_0_79,48.006072998,7.8333520889,56,2021.9345703
shp_0_79,48.005966187,7.8335556984,57,2041.0744629
shp_0_79,48.005401611,7.8345212936,58,2136.7504883
shp_0_79,48.005264282,7.8347530365,59,2159.6867676
shp_0_79,48.005187988,7.834883213,60,2172.5356445
shp_0_79,48.005142212,7.8349752426,61,2181.1501465
shp_0_79,48.005073547,7.8351297379,62,2194.8869629
shp_0_79,48.004878998,7.8354921341,63,2229.4953613
shp_0_79,48.004501343,7.8360981941,64,2291.3710938
shp_0_79,48.004104614,7.8367090225,65,2354.7514648
shp_0_79,48.004051208,7.8367643356,66,2362.0241699
shp_0_79,48.004009247,7.8367819786,67,2366.8369141
shp_0_79,48.003929138,7.8367834091,68,2375.8100586
shp_0_79,48.00384903,7.836742878,69,2385.1762695
shp_0_79,48.003803253,7.8366942406,70,2391.3249512
shp_0_79,48.003517151,7.8363051414,71,2434.2836914
shp_0_79,48.002502441,7.8349437714,72,2586.0488281
shp_0_79,48.002250671,7.8346581459,73,2621.4416504
shp_0_79,48.002147675,7.8345470428,74,2635.6860352
shp_0_79,48.000682831,7.8331885338,75,2827.5163574
shp_0_79,48.000312805,7.8328547478,76,2875.4692383
shp_0_79,48.000137329,7.8326969147,77,2898.2233887
shp_0_79,47.999996185,7.8325638771,78,2916.9594727
shp_0_79,47.99993515,7.832529068,79,2924.0722656
shp_0_79,47.999874115,7.8325266838,80,2930.854248
shp_0_79,47.999816895,7.8325414658,81,2937.3908691
shp_0_79,47.999744415,7.8325948715,82,2946.3884277
shp_0_79,47.999713898,7.8326416016,83,2951.3884277
shp_0_79,47.999668121,7.8327217102,84,2959.0695801
shp_0_79,47.999240875,7.8338580132,85,3056.1779785
shp_0_79,47.998924255,7.8346767426,86,3126.7194824
shp_0_79,47.998825073,7.8348965645,87,3146.4804688
shp_0_79,47.998641968,7.8352594376,88,3180.3640137
shp_0_79,47.998279572,7.8358855247,89,3241.8740234
shp_0_79,47.998252869,7.8359413147,90,3247.036377
shp_0_79,47.998046875,7.8364634514,91,3292.2663574
shp_0_79,47.997882843,7.8368706703,92,3327.486084
shp_0_79,47.997776031,7.8371338844,93,3350.3977051
shp_0_79,47.997722626,7.8372507095,94,3361.0546875
shp_0_79,47.997367859,7.8379125595,95,3424.2893066
shp_0_79,47.997211456,7.8382115364,96,3452.4543457
shp_0_79,47.997112274,7.8384222984,97,3471.6396484
shp_0_79,47.997020721,7.8386483192,98,3491.3515625
shp_0_79,47.99691391,7.8389363289,99,3515.8586426
shp_0_79,47.996780396,7.8393907547,100,3552.9121094
shp_0_79,47.996692657,7.8397750854,101,3583.1472168
shp_0_79,47.996593475,7.8402709961,102,3621.7145996
shp_0_79,47.996498108,7.8407378197,103,3658.0395508
shp_0_79,47.995952606,7.8433380127,104,3861.013916
shp_0_79,47.995792389,7.8440365791,105,3916.0324707
shp_0_79,47.995746613,7.8442368507,106,3931.7329102
shp_0_79,47.995628357,7.8447852135,107,3974.7871094
shp_0_79,47.995548248,7.8451690674,108,4004.6394043
shp_0_79,47.995437622,7.845685482,109,4045.1057129
shp_0_79,47.995319366,7.8462677002,110,4090.4365234
shp_0_79,47.995262146,7.8465943336,111,4115.5336914
shp_0_79,47.995223999,7.8469333649,112,4141.1967773
shp_0_79,47.995212555,7.8471531868,113,4157.5874023
shp_0_79,47.995212555,7.847363472,114,4173.2685547
shp_0_79,47.995246887,7.8483309746,115,4245.4213867
shp_0_79,47.995231628,7.8485908508,116,4264.8310547
shp_0_79,47.995204926,7.8488020897,117,4280.9150391
shp_0_79,47.995185852,7.8488826752,118,4287.2519531
shp_0_79,47.995117188,7.8491306305,119,4307.1616211
shp_0_79,47.995006561,7.8494710922,120,4335.3847656
shp_0_79,47.994972229,7.849562645,121,4343.3032227
shp_0_79,47.994930267,7.8496479988,122,4351.1347656
shp_0_79,47.994915009,7.8496861458,123,4354.4980469
shp_0_79,47.99489975,7.8497710228,124,4361.0317383
shp_0_79,47.994907379,7.8498768806,125,4368.9326172
shp_0_79,47.994937897,7.8499693871,126,4376.6142578
shp_0_79,47.994991302,7.8500761986,127,4386.6484375
shp_0_79,47.995182037,7.8502311707,128,4410.9360352
shp_0_79,47.99540329,7.8504462242,129,4440.3779297
shp_0_79,47.995758057,7.850830555,130,4488.8701172
shp_0_79,47.995925903,7.8510193825,131,4512.3232422
shp_0_79,47.996437073,7.8515696526,132,4582.5751953
shp_0_79,47.996734619,7.8518633842,133,4622.1743164
shp_0_79,47.997085571,7.8521866798,134,4668.0351562
shp_0_79,47.997249603,7.8523759842,135,4691.2397461
shp_0_79,47.997386932,7.8525156975,136,4709.7070312
shp_0_79,47.997528076,7.852640152,137,4727.8691406
shp_0_79,47.997730255,7.8528108597,138,4753.9345703
shp_0_79,47.997825623,7.8528823853,139,4765.7753906
shp_0_79,47.997894287,7.8529133797,140,4773.762207
shp_0_79,47.997940063,7.8529210091,141,4778.7260742
shp_0_79,47.998092651,7.8529238701,142,4795.6142578
shp_0_79,47.998104095,7.8529257774,143,4797.0561523
shp_0_79,47.998291016,7.8529472351,144,4818.0244141
shp_0_79,47.998588562,7.8530702591,145,4852.2636719
shp_0_79,47.998966217,7.8532042503,146,4895.2504883
shp_0_79,47.999168396,7.8532381058,147,4918.2202148
shp_0_79,47.999393463,7.8533139229,148,4943.7548828
shp_0_79,48.000141144,7.8536190987,149,5030.171875
shp_0_79,48.001003265,7.8539891243,150,5129.8178711
shp_0_79,48.001636505,7.8542346954,151,5202.5810547
shp_0_79,48.002044678,7.8544073105,152,5249.9960938
shp_0_79,48.002128601,7.8544311523,153,5259.2773438
shp_0_79,48.00289917,7.8545970917,154,5346.2993164
shp_0_79,48.003101349,7.854640007,155,5368.8886719
shp_0_79,48.003684998,7.8547587395,156,5434.621582
shp_0_79,48.004959106,7.8550615311,157,5578.203125
shp_0_79,48.00554657,7.8551969528,158,5644.0351562
shp_0_79,48.006183624,7.8552794456,159,5715.3208008
shp_0_79,48.006259918,7.855284214,160,5723.7109375
shp_0_79,48.006492615,7.855275631,161,5749.9116211
shp_0_79,48.00674057,7.855266571,162,5777.4609375
shp_0_79,48.006961823,7.8552274704,163,5802.234375
shp_0_79,48.00717926,7.8551931381,164,5826.6694336
shp_0_79,48.007263184,7.8551769257,165,5835.8227539
shp_0_79,48.007442474,7.855175972,166,5855.7602539
shp_0_79,48.007598877,7.855155468,167,5873.2719727
shp_0_79,48.008083344,7.8550086021,168,5928.4858398
shp_0_79,48.008243561,7.8549485207,169,5946.9404297
shp_0_79,48.008659363,7.854739666,170,5995.5117188
shp_0_79,48.008808136,7.854683876,171,6012.7333984
shp_0_79,48.008998871,7.8546266556,172,6034.3618164
shp_0_79,48.009170532,7.8546080589,173,6053.6264648
shp_0_79,48.010032654,7.854578495,174,6149.4199219
shp_0_79,48.010578156,7.8545570374,175,6210.3837891
shp_0_79,48.010765076,7.8545503616,176,6231.1879883
shp_0_79,48.011104584,7.8545484543,177,6269.0371094
shp_0_79,48.011314392,7.8545646667,178,6292.3564453
shp_0_79,48.0116539,7.8546624184,179,6330.6342773
shp_0_79,48.011734009,7.8546757698,180,6339.6943359
shp_0_79,48.011772156,7.8546729088,181,6344.1411133
shp_0_79,48.011814117,7.8546624184,182,6348.8681641
shp_0_79,48.011871338,7.8546285629,183,6355.8056641
shp_0_79,48.011951447,7.8545465469,184,6366.347168
shp_0_79,48.012023926,7.8544502258,185,6377.184082
shp_0_79,48.012062073,7.8544101715,186,6382.4619141
shp_0_79,48.01210022,7.8543930054,187,6386.9604492
shp_0_79,48.012134552,7.8543887138,188,6390.503418
shp_0_79,48.012184143,7.8543925285,189,6396.3320312
shp_0_79,48.012237549,7.8544135094,190,6402.3544922
shp_0_79,48.012550354,7.8545575142,191,6438.9423828
shp_0_79,48.012905121,7.8547201157,192,6480.2832031
shp_0_79,48.012985229,7.8547434807,193,6489.0737305
shp_0_79,48.01348877,7.8548650742,194,6545.8935547
shp_0_79,48.01386261,7.8549304008,195,6587.9667969
shp_0_79,48.014118195,7.8549761772,196,6616.4775391
shp_0_79,48.014335632,7.8550047874,197,6640.9711914
shp_0_79,48.014785767,7.8550782204,198,6691.1870117
shp_0_79,48.015293121,7.8551969528,199,6748.425293
shp_0_79,48.01543045,7.8552408218,200,6764.1279297
shp_0_79,48.01568222,7.8553328514,201,6793.0517578
shp_0_79,48.015716553,7.8553476334,202,6796.7358398
shp_0_79,48.015731812,7.8553552628,203,6798.8286133
shp_0_79,48.01606369,7.8555254936,204,6837.515625
shp_0_79,48.017120361,7.8559703827,205,6960.0634766
shp_0_79,48.017719269,7.8562512398,206,7029.9321289
shp_0_79,48.018325806,7.8565244675,207,7100.4775391
shp_0_79,48.019584656,7.8570146561,208,7244.9575195
shp_0_79,48.020557404,7.8574032784,209,7357.4008789
shp_0_79,48.020950317,7.8575825691,210,7403.0600586
shp_0_79,48.021022797,7.857624054,211,7411.7021484
shp_0_79,48.021308899,7.8578448296,212,7447.3525391
shp_0_79,48.021438599,7.8579244614,213,7463.1787109
shp_0_79,48.021564484,7.8579826355,214,7477.5654297
shp_0_79,48.022102356,7.858189106,215,7539.5092773
shp_0_79,48.022628784,7.8584151268,216,7600.3774414
shp_0_79,48.022663116,7.8584260941,217,7604.4458008
shp_0_79,48.022857666,7.8585300446,218,7627.5952148
shp_0_79,48.023040771,7.8586521149,219,7649.784668
shp_0_79,48.023193359,7.8588166237,220,7670.546875
shp_0_79,48.023265839,7.8589191437,221,7681.7993164
shp_0_79,48.023525238,7.8592219353,222,7718.5307617
shp_0_79,48.024375916,7.8600850105,223,7832.9799805
shp_0_79,48.024547577,7.8602390289,224,7855.0498047
shp_0_79,48.024600983,7.8602776527,225,7861.5424805
shp_0_79,48.024677277,7.8603200912,226,7870.6713867
shp_0_79,48.024772644,7.860350132,227,7881.7416992
shp_0_79,48.024864197,7.8603663445,228,7892.097168
shp_0_79,48.024963379,7.8603606224,229,7902.7700195
shp_0_79,48.025642395,7.8602499962,230,7978.9042969
shp_0_79,48.026245117,7.8602976799,231,8046.3120117
shp_0_79,48.027111053,7.8603878021,232,8142.8364258
shp_0_79,48.027656555,7.8604316711,233,8203.4931641
shp_0_79,48.028144836,7.8604874611,234,8258.2001953
shp_0_79,48.028377533,7.8605589867,235,8284.7226562
shp_0_79,48.028568268,7.8606595993,236,8307.1865234
shp_0_79,48.028961182,7.860938549,237,8355.5185547
shp_0_79,48.029453278,7.8613481522,238,8418.2412109
shp_0_79,48.029922485,7.8617768288,239,8479.4287109
shp_0_79,48.03012085,7.8619437218,240,8504.5888672
shp_0_79,48.030353546,7.8621754646,241,8535.8955078
shp_0_79,48.03081131,7.8626098633,242,8596.0888672
shp_0_79,48.031047821,7.8627676964,243,8625.2851562
shp_0_79,48.031246185,7.8628339767,244,8647.8613281
shp_0_79,48.031570435,7.8628606796,245,8683.8164062
shp_0_79,48.031692505,7.8628616333,246,8697.5869141
shp_0_79,48.031795502,7.8628582954,247,8709.078125
shp_0_79,48.032779694,7.862760067,248,8818.5361328
shp_0_79,48.032997131,7.8627820015,249,8843.1357422
shp_0_79,48.033241272,7.862821579,250,8870.2353516
shp_0_79,48.033855438,7.8629832268,251,8939.7695312
shp_0_79,48.034267426,7.863152504,252,8987.4365234
shp_0_79,48.034358978,7.8631982803,253,8998.0078125
shp_0_79,48.03445816,7.863216877,254,9009.0595703
shp_0_79,48.034549713,7.8632040024,255,9019.4677734
shp_0_79,48.034660339,7.8631763458,256,9031.984375
shp_0_79,48.034843445,7.8630604744,257,9053.9873047
shp_0_79,48.035125732,7.8628277779,258,9089.9912109
